Accuracy: 0.9995919638351104========= Classification Report ========= 
               precision    recall  f1-score   support

           1   0.998837  0.999969  0.999403     31784
           2   0.000000  0.000000  0.000000        33
           3   0.000000  0.000000  0.000000         4
           5   1.000000  1.000000  1.000000      4976
           6   0.999982  1.000000  0.999991     56332

    accuracy                       0.999592     93129
   macro avg   0.599764  0.599994  0.599879     93129
weighted avg   0.999195  0.999592  0.999393     93129
